$ANSIBLE_VAULT;1.1;AES256
35656266333238643939373763313963656133393035393361323836633365373138313835383066
3965623764666662343366623635663466343430623033370a343637616462636165303639323939
63333162363333336130643564643963396435316630323663636562353061653230353237643532
6534383236313736370a663738636463653233316364623532313031386139653062323236386538
65643966376563386562643934383435363361646463643939353039323536616565646134366365
62313335373061303133323039623638616632306133623835303862383730373939393934343636
32383138643063346666326334643032666663373433333238663239623063646364353065343665
66393264333437396235393736333366316266336431653136616162666639336264353962666463
30663364353034396364393832313365306366646135656539303065396339653464636162376439
34636632653539636235636262366331376239623565346333376130643462353638653134653264
37396435313534313664656465353762393035323835303861643738323961313732313766633434
38313664636530323633306264323930623735326566376534633462626139663662336135373735
39633838666633643132396132336561613762383163353362333032623733396131613634323333
33343531306131626462626532383962626163343462323232646538366135316634346337393336
36393038653461363630336430656230353539626265323038333463306666666236646334633636
30613039383562376566333736653330316535303665373737326461623732386330346333376130
65633262626663396363343365633130373665666230393732626434666136346165326465313030
35316239306136353937343061383833393231623464346637633165656664653761666161643433
32643962666435346130303765623764306165326463663763393263356365376238333437613838
33346566336435626263326664373065653538616466306136306361633531333364376636333266
62663633656565323939323039303561376231376261396338336238353731316137623535666535
63333964643961333434613139363836636666353566363639386364333532386330333030323339
62306131363462646535323664646431663762666361313032346564383231643139656638323166
30656138393562643563383632646230393364636365633434353665383961326665333533623361
34383231616166393132626133393631383564393239343339626266643865623232393332643132
3832316232666566363433373331663765633834353663313265
