$ANSIBLE_VAULT;1.1;AES256
66393037396534633838653262353430623832376233373839313635653835363263373932643166
6230346462666265666262663934653833626163376266660a393639353935356364656233303463
65303137316234386339303732626338653639383466613665363631333934346439303261356463
3164613738353734660a386139336430663263346532343765646238613333313763643238383830
33643162663435353836326432383936383064653930633232666336353461616364393265316564
66306433326138313031363938316639356630656663643235383965333939643063373264653363
66616265613134666164356166316630616365383865323438366233653735306232333236353733
30393461346265646430353966363366363934353435313139313432303938306561613766353463
38376361353434626239623637373466646666666363656132326538323066393163343437326165
37653236656161323931396362313830323434316430323135336439333832366462316432633366
36653639363035353663363130333734633239643231636631306662646164626466323737356530
39623066386564633465393262336238366432636231666263343739646237626635626434616533
33623731666165333432326433356261326364353366646361346330393238373862323762633635
36393361376264633837663737636462373435383763363235323534386234613232383937393130
36663437393766333561323136313134336633616564303533613838343064396235383061616434
33643165303939363830386438396334393938626666356661306261653031626331353031373262
31653733376362643238323032303835363830626230363138393636396462363065663035313261
37316134366536383865366534643431323034383963326133303038393861363033316564636162
61313664333438373136353962633934646235333539333431383739633034663934666430346233
31316465623731353762366432386539386439303739303135393632316562323136613132643162
35343732366633316431346536623266393366376464643165366634653633313962623536376637
63613233336231636330616661383562343561343864336239343732343964303836353434613930
34393736343039336534623135316130366663363262383065613235616162323765633533383834
63373165363130363331653061333861333538303866653961366432626335653563663936653565
3534
