$ANSIBLE_VAULT;1.1;AES256
30356437393636653639396334343530323234336366333234616535613664363039346235393334
3638316138623338306639333562643938613732383537660a353863303366373935633833656263
31316239663134383965346330303733373235386336306333373135333766393638313538343335
6564633562336666620a613833643166333537346463666464616163623662653637386663383565
65623230303739313964653666343131393733393330326164336234623366386534616234313832
63626462646338356138656564653236383933383531373762636136633734313534366531636130
36653933336364623839666264323131633962303932353637326436323961356561316235616336
33643231633164616261386239326564383761356633633963363137383063303030633531333334
66633034666337333762376563613833643531643835313130343632636339656461323335666337
33353339646534656561623438356261336536343230636332373330313563376132343335346262
61323430336439396633306363366532613430636566353039313965313331373464303264366136
62303762633631653238653033346537666530386233393038306665626438656264306134666538
65313033316237613931366530333335393331353730306534346461333061623534326236343765
63636234636634633037353831636532653265346631303564623663313566656135616532636161
66363964643336386464643238666461363334646538626630393632616235663733633637323633
62623362363439666635613561373531626330373835346361303663386134633334633536383266
33656465353437636434613566313337393039303937653937316232373837336364376336386531
34386232616361386533383839613162633333383166396264383464623037366435643236336330
32373465343462363563633035663934336362323437323230663435363465656136303963316239
35663232366135326663653036653430626639623962666437333466656334633939353566663834
66333364333131383666663161323063643763346163643433393638313734643837333933613132
63326330393437373464313661326661383762666437613265323437343066353532666339663466
39643231353062333034376665313335643432383331363362323265613462363033613438613266
66663734396234313730326131346339353134303964653630643835666262623734343632663364
34613839373465323731636464356235363139316565343264616331326333333532396132663532
31626338326231613461316566623233323536386133626465323366303163326430393834396537
62623136323230653933366233333531646235326133666236316364383234303835663964646462
33363037643831646164386436343461663031643039646232313736333830663265633733656632
61376139646162626636656466616264313137303130356130613663356466613430643039373338
63323733643137316233663166383136656662646566393730646362393066613263666564343361
33323563393331643065383937393731646139393538363563353332343034343930383539336239
63616138623630396531353632613131653030663232393165333765346133623261666365643638
34303033313561383661313537333462616230333161323062353532303039373063323038633230
65653765383837626631636436663639653338666133383233323631303736303565623633663962
61613034663362616165363936303661663736623730643034306465663334636338353234386438
35613730393730383339653461663263396664383637353862363738366130386438366465313565
61383231343030633631643735343665376534353364323734323963666330353564656333656562
62623334623033633138633362303261356435653332656363323738613638356333613163356132
38376438313136376331333162323231396266386461396661313036386231353864366131303437
30633536333438373064626235346366636239303233633631376164393235373838623333326363
35616434326437353630376536643932656162376637626630316335396537633635643933623934
33643738313364313739373637323830353538316661623466323862343035613138366532343930
65663233376438613836633939663564663436303136646232356163323963306365653830646165
39313761333663663530396264626333616232656536666461343834363266613835393738633063
35663465383032616166656263376237333963316530383961366465303662313761633439653564
38383438366234313436323730356432306263336436356461663230663731656135316435613038
30346431343234326639613236613061323532383366373165373635353166346333383866633437
37303161343864333831306634303263666366353239366164623963343535333163373733386463
32333231333032623761663135363534393336383466343764333266316437383432343565303938
33303730646134343461643739633630666436356436346462323330663962613730643831613636
37613833613233616535623637333537373461363232333635373631633838623865376631303330
37316530346136656262393430656239393265663331666430633366626566303632336361393736
62366434336537306232383037613432326366346335353062383531373730333831303961653331
63343365373035653736613033386533373935303666323264333235386466646239643961626631
37336234646365653436643034343062316131343631316162376332336464363862643061326132
35326263373361653337613466333266616234336561653230643931666436366633346538356364
66613634656436336130366162656639386665626262333631643164376466613562396133303032
63393031666333333464666136333135613465326239366134613736363138653737363061323538
37346139346639613866396334323762656239386166376665613434386561623464343331623064
62303232376532646162393738616134343765366237613236643262353336653364393661613130
64623935316562623163613862356162313064663036656235643934376430393039633065396130
36353562343462316235613465333436643438636363313366383931376164653063616130376634
63383465643438623563353438633135656237666431636162333961383836396630616164303865
34666134623835396338353263646232366165623962303830313430363061616566626238343436
37376137653533356265616264316435373138386163326434653936333266326462393032623536
35656639653461613631613164393464356233396532356137616134613131646234633230336361
35356535646133383637346135666631353662623030663135353839373337366638366532656638
62346637313665346362333562343138306265623561393233373431663161333133343137343234
61666539376535383437613961333031616562363735393434393138656263663138393735356630
38306465623134376362616164313864636235626130353366303731386634636466396336323962
30626134346334373466306661656363623037303330313939373431663361663131643437336438
39613364643463313930643463313038383739393166656432333539303532633064633937386133
38663466633939386165656234353165326630643833313363643030383661616139376463366139
36633638356662666138343137626432653465653235373635323230646635323133626263313639
31383932343039346430623163336431363463363333396365336133333535313733653935613135
33303233646462633364343466396362336136346136373233323735353937653261313461633234
35336233303361626539323762343866316630663666336261383064303830386139356233333062
39633638323336303863626639663139363465376266656364373230633338343065613130396166
61313332623539363364653533353237663135393730346161373532363434623566356339643864
32366335663966656664373030303061616139336134636337373130323935343131373238343165
63616363373334323965303834616563393936353764386663636631343163333330353431343131
36643338313035316630393165613235373234663833353633636133366664633463353666626234
65616239643230376432303965373530363332386636613336366439326638653732393533396434
61363261366332653339386339666565386233343866373039643534376361393765643966643066
39363332623938363531653866653766336437666239303861366435396432393862633963393932
30363939623638363539313836353932663838303438346666316631323964613531313139363335
30396633646533356563613763393965383632363232343431633736643437313132383736356162
64626236613334363861626637343332353234373432323933333539303034356236643063363938
39643139343763366135633864643365333430316463646662316562393361643332373034333435
32616662616631306133316130643563326366663035393838343564306230323238623735646364
38346337363766346565303635616232633336303564363331376530626633323534323133303261
39343332616532396135363965363266346564373435636363613763323030333031326164373863
35643037393338356564333566313536666164633561663035613362383339346431356335636562
31303830646332646163376337383865316336303830346361303133653164633163616139326533
61313437636462323265653863313433346365663034653332356365336266653762643831363239
37623738313339333136623661343535313163613037353037633537336663326134663833396337
34336635613931343162616563333130336230353264383735363134363264663236386130323136
66643130353362373332643239393338393131316630346338643236376631656236633438663833
30646631396439616430663062373132303331396533396339663330303864396466363266313937
30666562343231323434613132623933643432363931313663346264646166383736343439653936
31326530313761373133333663343866326231663636613837663864366430373036316163393235
66643236383765383732323564653433656330323561613231653036303762633364363738336637
30326331323961653132616235323666353733336563636565383536666330396465663864343633
31653565383037396331666330323065333862303239346439393961376261623631386432383638
37653430666436666438313862366166336435353265303761646537323031393765376264366364
62646334666138383831643334666535373832346463626231363838633838616635373139376664
36643161663035383362316266366239333761653634303335613630396536333939376665373930
38653963393232383634643463623233613061356335363161663263363236396230626135383935
32363232326531306135366331393738313266636266386432393166373338343934633932376265
35363664383435353263373332323365333765363863626538353061393930373334366561326336
66316237636663616665336566373333383135303032366138373465646333626232373136333465
31393761633036343531376631373539363336316265366664373061336265636536666466666130
39666463393165326538643238353964613261363063636236613139633933636338353336616461
30646137363630363865336236343066363633386238646665323761376337353835373836333831
33306166386630666632393664666465303039376163616133613166663861626533336561353234
35303337633336633662336439613039363731633932623736623133616265346631316662646166
33346235666236646564323133656133353636326336363931613462336266333534346335313638
64393637353338616230636630643961326166353264643963393938376130383261633066333234
34353866356337356332336463326562366234393932343362643139306438633964396330656464
61653164653733346333323661636531313837646435383631646364613235313830386662333833
65393965646563623537316262363038323135303735343261343062353734623461363536303765
66383763336333383135373334376438353065353633313466376363636131613062623331646134
38623861666266303538633538393062623735613132306530623337393530613065623561623266
30313532393266623066613733383830353565303635663365653635616636393335656362356635
36343839303536346365303432366366316461646361396236633935373335323665303837623038
66623263623138663862313339653731343763393535343263633038333932336133646331303938
30303564623731613364326630373266646136346234653663323432303632386535383964633362
30373362353163636366303738316435346435666436353439306233646265633738366563656539
64616437333335393962323061383963353634633833663738613030636436323462623333636431
64333832353261653731373664303030306538316461303931346132353934386335633433333938
63363934313065656136316166313563653764663131343931366339373931396561373831336436
30396463653736393232646563376563646364633431643437376562633939663232353364653662
31346363366535373337633265613535316433373831353264336333336561653735336338356637
6562346561353138303937323963376365313363666130656436
