$ANSIBLE_VAULT;1.1;AES256
33623039306437316665376462333264613537336631373163633131393637303466306139643163
6162333033323766323339313137316366353138376331650a663662323664366334613037313463
65346633343761326265393461383234666234316466316666353334373438666366353465393032
3863316161363761310a366533636431326537353931356335343639386639626561666136623261
36353439613534313166303135396338366438626635643962643137623865616561356664326332
35353061393234326534393436373139353666636231613439646565656431333066613538613133
64356632373262663066653164343162316634313033326137306436326233656234623764636631
61643061306332373232666630663462383939336131656364663132656564336366633563303030
64393464653837323462663961646665386261343564633033643637643662363461353366653038
33633738316232623337623638643466376530323534353136333463653234313166306263316463
30653434616435646338613465656663323163623838343764353866313962666637656665636633
33396265363064343137363831326565303034333635323130626137633563356331623635663262
66336533393832663664643634366336333664633437343631356537323830376530663763393339
32643336333166363762393331353465366163653736326333316166623533373039323861623332
64663531653035343339386339623533363730366238356637623638363965333933636261316665
62636564376132623736633534393136303938303064383661383939333539346535396637326635
39616331323063376262313465336139613535323438363465646535396664346433363131646137
31336639393163313965383566626465363035366164356638616630323465613561336135346462
33336338353334656132356466383462613031353736356336323634636463373166646636633131
31333265396665643737353462363761366365376533646563343633666336346566663431626563
33376538393131333265666539623033323233303837343362363966376338306432633266303234
34326165333839666233653835623338326338373637336233333166653438613436613261356535
31653166663831656565323265313536643735616137343765666462393431366434383966366138
35353435633163386562623134636364363330393231616665613764623064383332373066633365
37363631313162626362366638633737363738313562346639396134303139383237656239386130
66346238373633333263663130396364316334393730613837653936373838643035613662356137
32356131653762343362346636326535393337636663306232343562663261643539643739666161
65663939623534323662316365323335643032323665346166616364333766646339616330343134
63336138663336333730396234373436353662366633336266623135623262636366663831303636
34646334323036353231393032653064343336653264336566623536643534393935653430366133
31616138323034303065653062613837316165613232326138626230646437323839323138386433
30343039633431643666613631393036373361366131366335343964373065643638636239666164
35613234323333616136303563616535626639333764393031393134393735346438333365386135
65376265386364623131323838346265336137313463626330396366646231633730363965303763
63656331643930633432383430383062393030356436323937326436656232356661366630326263
30396265613239623934333535613737346538623264376239373335323336616264626433346233
30613630646339646134363739643433623861383836613763303832313963316335613630353038
30643637313934343963343339386662383235653239326330373365336565393336336164373534
63636239336232623438303435353737643130396631303565633963386633656539366430333333
32343731363434336638366162353837386636323331383664313235626464326263366361616434
36616235363638643463303462653864376338316139626563313264333235333536343163373238
62363062353062636532653765633939386266306431613636343134623535303434613736616565
38323763613165613264653764303466356164303639316236643532353863303531643164393634
38323431633166346364366534376130653538383933316137626435356565396666373036306332
63656434343164333435633264653965643732346234346364376562383566616366613932313633
39396433313131633130343837313831333761333265656666373465623862396630313032633064
33366361363431613133663534636334316436313937336463646634353663316233653834623135
35346662653630383666393064623633323037613837623061326538363636666662373761643966
61663239633038383333373966326132363732666561303930383635653863313138656531383038
38306661373035663166353161376463313564356433363439653463393935336238353536306134
62646563386466663235393965306566356161626661313266306262663931626532346436393935
33316237373065613165346335363734303432366138383337313033613265343761316236396165
64613632613331373239623138313664626661393766626633336434663834643030363231643336
66303364316432306261653631303661656365313461316133366531653934303835303333306666
39626237356636393461383132623362616263366462376334636563373639396138376466656231
33636334383361303735626262313961313235633761366239613562636166343338303663373361
39656331393565313362373663613233383139323966383230356465336532373631623365646232
65613732313038303137333336303763323363633531343835333532373436363838313531643134
36636461393237333935396266363734656132643862663536613235343461336132663930383661
30663532373531333938656535336161303534353435663430396664623834643761336361633861
65393037373363336164303834386537363062333633333930363965613434346634376632313161
61626134343261663039346564666537656631633634303132613662653038316464613334306139
35623639343530346236373635383234643930353339636238616665326532643832306633663463
62383035663364333831643563353635616566323137316533623235346236356630636264353834
65653338333434306133386532336135316137333963383962643963363837616566323762356165
61646263333130326166313935363838643337626362623237323634393537646636623139653333
39613637653065613239303566653664316263663839393961353234626130366135313063313436
35323434623764623066396337316131656334623034393135336237303966376636333037616635
66636538643135306430343139313865643635663037366535386233663162353237393062373534
31626231656463316161353364656461383238303239363033623936346432313538643731633564
33383362336664346130626637336461636163666662636139346131333831306665613235636266
65396662613064356266396635383139306139333639363838393236386238386665633438313366
64313861613364623733343862383938613234666532396235356463333730626365643166376430
35653532626234663437656432376666356264326264613338643263386638396531373763373161
37306662393536373561323962646661366563313832373832366162323563656334356565636364
64326130623635323631376635383563663264613238663938623564326239613739373233656562
34326434323334653634373333333463623035363565313036633465613366613263313566613033
37356238336462333130356536356662623732613335393830646639646261346161613866366233
39633232646333383138366230363039663139346234663165303232663636666239353039363237
39343165346361366431313533363561646531373232666261353263376665383231663836656436
39643332336266333664373862303030393836656139346430656130383062636466333936656263
34313936363332663838626265613561346635363538656539643465633833626132646332396635
65393462653930366561303237346131383935626334306134663061633932313830306234643862
36613332636132386439656664653263363433386139393064623161373231396465643433373731
65623166633562353065396138336164663833373361363665383732383839643663353530393636
65396133626532353866383437393261366237643536656462363166353562343432396563316335
62366564613866386532353734626562396363623336656438626231346462396565373461643939
38653432343235616561663063636263366463376562346364306532626631343531613835313232
34323766353231313463363262313930393163353461613562316463666231653565343639653863
63366462323131653936643565333765653736663136393136646465623635313761373639353461
61363833613435363238316132396566323732636565336637376466616331613838656135346433
62396239636539306531663464393165393036386666666566366331346366396230373731376434
66666534636663653730373130336563373237376232613664313634306562633331363165616532
34383337373261613637663431373436316439666130613063643233666534323636373838663437
61343834643234636164666337646564353866643634336435303835383530613832386631306535
64383063616333623136616634643864626239653362646565663332633231666631623265626635
32313533323363373562366265393630643734363866326561306564316366383261633834626462
66343039656430373735373231353734303364646262656162323532636133666430633461326634
35313434336431623861376664396539633239336361373038393931376462633861366338353538
61623163383866376339323232653532366462393531353930633031383137653463366234343962
62663330633731353761313262636166303431613539633835316366613339306331653739313363
62356133336265386434656335626265323232306334353566646430316438396462313030656161
34633564373934656463356630306633383535636363393339386564626234393334303661363430
32613163333230333239393332633233323463373266303161383530363733373662663664393437
39353837343831643532383233353335336536663735643732613930383639313764636532363631
66356239326264383161393836366532363738303739303937653933633632666662306132623461
33373737396532666636373435653637633930653131303734313265393137653739616238646339
65393836663462346632323839373931653434353962313861633932363739633731626164323138
36313737666235306235306533356564373934613038333363373132313561316566323631663161
39363236326165653166383261653566323634343561363366336334346464343561303866333933
65613031376561373137363030373136376632373261333532326132633165343261613562653963
35346662316332663336323565363835316133613135616331376333646162363934396139643964
62343331646534363332356139313962653830393834633734653965316464616462383133376464
32633536623532656465653863396533333737636535653261386534333231633937386233643630
66356263336438623233316434323439353239626530653831303062613965393533653163333564
30323134653165343166343331663835366236613066396439663235363334306463343064326537
36353938626538633039333164643961356135373435366534656164396663353563396466633665
34326162303361656137623663363165653934333533616661616336313965393431393766636632
66633831356135316565643435646231653031653134383461303866646661656663343131653438
63363435373563313634366238613836316235386336316564356434386363396231643062626262
30613261653736623262653033383462666330626437326163363635353262643066366236663062
32353664623930326238616262366532346535326366386133353734663238306636653566306263
32656136393830333762333530623533343263303261633135323866636565656463643366613034
34663439376135363832383530656238373764653534353637643537373837306166613264376432
61356136666133393131636362363136313165383436336365323639663363363634646134353062
38303464373631313637666662316232653136313930356639366163356561666233666339316131
31656363376631653666343135343864396131633535663161316131613637663639663831356563
33636661353063636230336237623336623232646464363332383034383961623437336130653530
66623366633030313563363464333964353861373465333964386531363362643336386336303637
64646134653235386431313263373336656264383665363037326133666535613735313963366161
38653962626364643161333962313035626631363134373530653232613838323636316435663338
63643538313362333362353162663135303164633935343138633539623838373639313139653934
31386164636634363937343962663164653365666163643664333234333636333064363438653664
65643730323064623261373330363736373039366663316230356665336631633461393031643833
36306137643737623636373835633365306561336233366164633236633930343664373237363262
66393932663164373032393066383130353939366661653765653463386131306536616333363336
39333164613332386563343335383566623462613465653666363933366261373732363139363232
65336438643534336161363839306630386466666239616461376233363238663064666164623736
63313936316536643633306262636134303636386635313338323531656331396630663535323961
37313734383232653036343166613761656537636139366531376133623164363161326339623337
39353637613737363366363838643437646433363934386237366134353638383932666531633837
63383835333965306631623330656331383336636539326631666164623133363431376666333262
63646231626230366532316461663331643633373566386263313864363031373938336661306434
32653736636437316430366262323735383732353832353435316361373134366362326232386166
31343532356665343962383936356236666365633039653638623631336235323430376561626639
30613666336536656434326539313162633237336463666664356365626137353830323964643535
36333361616361323965666234393739393634373339343566633563646663333039643465366431
35643831306638643934353962653536623438383038613533656465646233666439343630323939
33366361313731366336303834343266393265383431363632373336616162353336396633356564
66393165656663646131323532366138653539363137643530393237383064343434343835356237
64653533666131393533393166623836633064343261313765653132313436666262373264343464
34373164373437366561373634656161613666613731633436613235313434656237663265623366
63376161646163633831643266303265313865363037376631363765666636363266303638663161
33616634663633363136373136306464346232303165363234303732623339383265316561316464
32396630373437346431353633313734623737633331383431653738653838653038633233326535
64316232613634653331373464613234353231306636613463323737383463353236636536313562
39363438323439393764393239343535323564336365616632303738623132613335633838656536
32653933316634323337343864363865663639666232376430376566366464613831363836393535
66336438326165653766323739656332663830626333306439653437306338353736656235346432
32353935363662666631313737613337616663306133306438343436366233326662623862653765
64316230326639383437393535333464353062376236323832333633643430646363336232636537
63623238313432633539393662626532346138616261356232346431393237396132333538303730
30343738356366646535636132353930383764383338643836343166396662343839646337396664
64343136383534616363353336643533633266383363313635323333343833363835373662323664
62323738313565313461396161383034656466633963363164636237666531306566306339626566
64343235323566663064623663393439313230363566656261373638323835333833353334393136
38313638373234643139643639333561373263653864626633343638666265336235336539333564
35366161306634633231363237333861656536613963616562666262636565376335646564343764
65353766393839653666333638633033346637333337343635613761313963353561303962306138
36356432346365313135353532333032623735343265373530666336396138336635396165636637
66613464313333303664356562636535663439636463383638306536623764623561343865666161
34626431306532333432376436346230633238626439386139646635383531333936383738303432
33636562356233373930623834383935396263333662656235373339613636376431643462633439
37313237393664643832393239613935356631323565326264613430643933306639363133383032
65653733396666323234626130326163343064383234353961373564396339656632336235653233
65326638313461373039313563346663353332376363343361313538313164373265636164326464
31366635303065363937313634333464656431643963363835393438313838386537653963623265
35393234663633323064326533653066356466623162303636633162383032383838633430613337
37613137396462666433323836643436393662393136353436636433666366666262393263653231
65353534623361353166323134376232323333353132316530656332316436653634363735346139
33333137383465616239646664396266313634636339393934633430636233613536343363663739
30343434333533653335353733303138313763323138383839663034323061363861666538303237
33303463393338353237646439643635633138333264353136326634643865646564363531353762
36343336663636653765653734626233613631646532623733373635306136373661613138633236
32333835303932386332623234633136313737616361386135613935343232303231666266353039
32343734633061623366626536646434653961353165323361366564343066333264313666303764
64303734336165666439383234383663393539633162653063306530363732323366313565316237
35383037356266336236306438323432653033623338616134653335386566383032386434346533
37383831336661323831376335653765343231373831663433366161303363346534393861376231
34653532323938383163346433666362656262386633346162333339386538623331363834393239
30656536643064316434643263363235356231643861396264393431613263626363613064386363
39613835323734643438373335373531373962313236303731663863626638646433303830653362
35616130623136656262333931366135353533336562663238323439393835323265306463323166
34633662316432623361653734616661313133656437633039313164393439636337663461396632
61656635326461616561373335363035323337343334633430333834323966363865666334343837
65343437623039363463343133326332326431373931653235633037346233373537636533376331
64306666343565366264356331396164366537363635626165356631613630396164303238643731
34393638666266326235663236343164323732393638313133336630303132643363316639666463
30326666666134646336363739666239376235376363633937383463313461356265636665653366
36663535363434353836383235306262653066303061306230636164366630336431363931633639
35313633633339306261643030616531643736333166636133636534313637653436373563303237
32356165616232383831306265633533313136663237313437616661386264623662336134373263
31346563343131666135666561393537396163356230333834656436636665663830626334323062
37326238393861663961656237656530306534343332356136643830636136643232313165656338
65313066353266326164633333396131653863376566383337623638643435623964363563356639
32316464616263353763626631313737613130363466313061343236363334366666636261333062
38313838646333343764353330623133623332366263383331666635373137626533393666646266
33653436323730656637326563646239316563333435303032363837653136383937643834653764
66343836396236393563643130333130393039353235303735316332376666386631653762653961
31643630356134323462393133633434653865316630313634396164383261393235643965336234
33326335336166383563393364653064613962633264663539326237356532653237336330316666
31376536313332656164363735653732383338303138643138646266313638653137626635396430
66373966303031646438386163353361663864646365626661316438633562663031343534383034
66653565376631663565326564636430333666613164353833343434356537373235363939656537
39346635613838366462303530626562336533663630303032386466393966373932613337353663
37643537346235316632653965393866306265353565323036626438343836643038396631343963
33323937623935666237646339613165366130373639313333386539336538663432623461326136
39383235663938366130313466316532313237363836643362333334643532343565666465626465
39613430323138386464653065663033346461636261336662633561363961626130633239306433
64626333656139653930666661656435663561663935616130346666303632613435386265663730
33396461643162353230343331383332316633633532353539306437663061626161623833653636
30343939323932366433653633343637633162666161366164386262326339653537643431643936
30393263313163313966636438626261653764363566326330336132366535316234363834383132
61333731353162663239343333336130643235643931373638343966393965383266373935656337
30396661363631326435663430616134303431613762353562623261626539313938653361383831
61633637383130663232383238633630326562353862666231393534626666336130653939616563
64356636643336666631636238376362333938616533383339333831386535303039646338306663
36303438636562663735303165353037633466343364613962363665363036336564343331653066
66623736363735656164363061623530366239323436306237623564373265323663636362393766
63626236636666306530646130613665333165663939633634633039666261653032373239353335
64386133663930353264643239643266666139313234396465386332353137633264343935386138
64343234633263316235616363363437323035636630333162663663323366393832653630343262
61306135343135393732346161353435613039633262346265363934653132356666613663333964
31343831616233623866623930313961623536303062646536643939633832346539326162343838
66313763656238303537333266653136323032326331613465316136393136363736386435366166
32383830303538663731633933363864373132646664343863373437613334353933613635636264
64376339663031393235613261383065306264316666633165336334396335393835306335316631
35373462313432336266663839643266643862376565666261616430356563313431373437306566
31316365346139653061373132386539353539656238633162663762653939353139343663353862
36393630626237613366663437383236316430323138613331346331326237376130376332373238
65376231343065343534353965343361626562633239303439333237333435636133366632633636
37393538396430633833363830343138653963333564346366613264623363623265653235353964
64656432366136316364663437323337356631386332613662616436656563356635633139313665
37623638356236623034653734653834386465376433366664303138353165306430393231656264
35386265333730373536646466626433376566643433623531353361633661343036333762326166
36326538363239383237346431343132353563613163323266356564633233613231336663613936
30626433303137643639633065393533623039653634633362343635323561613332616233326437
35613039363265623766303537663861303736343762343531623664663332643663646430356633
39363734663630646137393631313466393737363030646339643965643365353132383462316233
35383161643163313962313737333833633934356437333066633466613665316536363066666266
32623661316436353935333238363063383665366533646565333235353234633237313862306666
66376532633162623363343264643364386332353864373730393461363430393731306634653733
30376134326438363032376530643462373630313365613739366236353030336263626562363837
31656338303832313137323331336662333432393134343161393365336632303331383231626161
38656230343732343361623761303330356134626638663136656236383364376536633330643735
62353132626337373635373738646133646233386638633163386434313934313264656439316361
61636362353330373834666662333064366238386638316633656563393465336434383431633032
37626364313463363261666462376261656635316637643162313539376565356662376336363131
33356462313335303233623337613132393338306531333531396430636139646433373832333831
39663364613039623630623964363235666637663564343261643233356139616432623230373533
36613132666666663763383365366661303230356235383937656431336638393830616335653831
37326262616363623264386435316562336266623932616334386430396432626438396566343831
65306336656239343266363634306162383164393532653339353162653833343063376664613462
36666133393538323939326338616630323037343831623230333863633735306564643533313538
35396434653032636535623834346164656430346539656536316236343031363437363539653739
61376431366338323663303561656239633366306566316431306533336531346537356163626161
38613564623933303934356461353561366261666130653664376664313563383161303437356635
61343562353465306538303037656262393261613666306332626165353536663432643063636131
36393430663862653563326437666331343435613266313632393738626537363632633333306230
33666535343231366437623731663163613664393363393666616661336637386234376335633038
32623864363330386430653965303535663662626462396638653763653261613766613361363964
66623364393830316239386137633165393438323464366363393466323830613036313938343465
37656466666434633161396333383835323831646137383965376164623262336433656238303930
63323131623266663631316139353966323132396265616264656364353838323064643336313733
39653238373933316162656534616338313334303737663066346363643234643036373431316239
61323036323833356465356165373563313038656262306534653565666137363065616336303932
62623838386166313462343662666364376262373331653561363033313339393261313639376634
37316237393061623831383139363564326163396533336534623035336565333662306533333839
66316533363063663364363264623331326232393566356234313037343866353137633164663063
39396363316263633034346433623966396665613839623261356532333139613133393636656661
63396633396431346135323734376162623537386339346362363565333238626134383236656138
32616332373435633035656234656233386538353935396266356532303937313636363632383236
39386463616461633964386234323836363530353831393230333762373463646132626338613538
33386138663863373365643866366264386435646166346236643435633535316163366239636639
30323161356134353638666331393138393633326366303962366164613064353931396130383535
65323131396634353630623536303061376337376235346162343562326466373864626333643963
39346333373864653663663165356464356162646463373066333663386237316465326332623933
32303234343363633636383833646362303861623534376362626631643735366233326662306165
61656433383534393733386535336563626230626161393036343338646635386433623264363563
35636261376432636434643330623166613664343837303765653339356261356433363766323433
61666232393735303866383239643462383636383237636635336231373165393831333461306565
30653862323937653163386131646462666533633365363565656130376662613263383962316437
30643264333439393330356130306536336231616539623463393334333436636531336262346439
33303861643431386537306664393238626666613637353030316662396136363464306461366662
38663966336362386565393730363335353530383234323339623065393766363333363537336266
34306637346566613831383965643764336137346161323639333063636532326661393336383966
65613436663237636261373065643661343139636634616537663465393430323664346337633464
66613634323734333238373338353131643565356435623061316163343738353231623963663461
34653639306363376563633166356364623165386436386262383834353433343064653238376537
65373862616431323436333235643435386130383364663830626564656336626534643366613338
31653164393532663236343637306335616363636134653234393366386162323463616465623636
32363762373964363130333166366137346137656165303838653862333636636364306562353332
37373062383537316261383933626236386163643439653338326534626233333936616264363461
34303133666537663263613537356361616436316436323532386562613033343663343533623339
64333363363032323334383230376631366233316563323738313237323161656139386163653330
37383561393162636538323831333136653437313236303162386239656333616439316231393562
61633663323637663235343365613331363731363739386665323266616235656539346632383665
32393537663832363561616663613163653437333062346331393337323438623362396236343965
33623735643362666562343563333432663234613634306132663966323539633730666465373832
66356634633531356538643363323530646562303336613364656631653932646337653738643134
65326533613531643665663333303263303836313832386233653662613833656337376238303764
31323530623536613366666266383935373738643330373661376130653632393462376435316232
31356337636130343439633064303566396261613131643763663062346535346236633331373231
65663636313639333864343839346231333563383064653638626362356238343730656137646161
33343466663530326166353761323633633166646563393163373730613865393230393862613233
35646232373333343536313766376635333365646165633234373636316539383762333738306134
30626664323836386330373266326662393563336638303432326335323837346338636235303332
32323161333032363761333232353433353935343130343666663139366237616136313938633636
37336335613863306233613837353239396130613166313564376262303363386430653231663565
35396237613238643263396331373035326433336437643737346539386134306433653562636436
32383530343630356566646536326339336235626332633834633234376464373962616466396436
65326634386466333837346235376638306466643632666366613132326234343565616161616539
33396461396531396639373434666436646130626532313463376637623630373361303530376631
37663635653637323239333963386635666362306239373332363537636365626136336165313434
34303133333537313333383334626236363135366462306339326237646234633761353634353162
61366139633138386165656638323535663635666530616438366630316430373030303363383231
39613564323365373134316639346439663430613831336163333736303635306233623165623466
61623766326535653934363031386138663230626339643464333033383331393430306436386663
37323633626631303030653431373934336533633361363664383666396564336333313562663134
64623733636561363239383639303261663534376430373662323635626633333061323633336363
34623835656262353637623137393434373362373037393634636330646665663164643162363433
63623031636533383934646130353366343230623234646533613261643935646337653466326533
37636136373931396238316232616130303964313163396464333364636534313739616262613135
66386233343635303536393738366364356137633231343938653338336537353134616433323266
31376130643736363163323362613135323236613232633861623364316132636365316235353164
37366434383937343464366539613436666338316537333633393939353639353161306566613262
32663030643364356262316563303933313834653935653666646532323738663034333836333532
38313332396235653038316133376632393463623633353161646639396466656166613438333433
63373831623666656539323232653039316237656235386163656430356131656464643935373338
35303161303862383334396661366265323966613063343065353938663138326138333138313130
30633665306437646666343736383834306339303831383238363432353965356262653365343262
31333936633736333631633031303263373339666435313038663931396237643430386236376235
63656431353835363836363235616437356566333337393039346465356630336631636235373161
30616566356234356563333239363065643630333465336431393932373563336137376234306633
32613566396264656339366233333262316133343938636365326633363937656639636130626562
30666465386665373931363134313533336163336434306464356139336464306162316261623764
30623064353332656162663863386131306133333533346661663737626566313336653934643131
64303339653437313063633439306430316461313238323263646265346136343537646562383662
37653966316432646261376234626464376664393631616436336436363739333361343463646330
66646337343265613965343263323132666463313635633463646166613733383836646364366139
62373034613333323335346530303966383961396365383864633231643232646262333936373835
61346633636331633232303032326564653862316236336437393332623763356631373535653766
32366136336237623633663430666334326633623433636432383161303635366537303862646434
33353664656334623030616639336638316565643462613838333462373238363762646263386661
37393763633832366639656162353663326134333033373165333162303861323463303565653136
61626566333630306163343564333731626439663764396264303130383933373038326532643661
35346531343631363461353737306564363637613564396530356138303566616634626332666664
64316139633266333136363331316437336134636664393662316436353534343131616666666133
36643961333635333436663739343639636432306363616365663264303936303463613861363235
66663139323533356233376633363236636237356233353933383663633635626233346165343265
36343566616331643137653738356464316365313938666236316131393063386536643733303235
31326532633339613965653532666439343031646538636236633565316162616561623836373633
34323939336235313364633533616537613432336334383636656331396563306436633530353864
65663930653663623034656630383030353134326333646637396238653537396664613665666137
38663164343961306136616561663935353865613337643635303237366630623430366134663539
30323437623630623832323238386236343838343732643934383763623331623065306637316339
66346135656463646439333533656238633931393761633239393033636666356162333361643833
39626230373135663330613762326139666437353734646137356339393832623032373961353433
37623939383130616637626434353966626261333737363130316232653635623037326235333139
39646464653539646131653762393866363835333665313362343838666566303865613535323537
62363537343037663733393639326132646636646436383061653837303163323866663631376439
34316338323063393335326562646339363738306435633433316431343834636137666563656161
61646138376335643230373236353831396233383739643363396231643531623766333138373265
32303738613637643238346439336432306666396131396263363165363537313030653938663634
34353231396335653266303262666330343335323236633138616234383662396561626566613334
34316265653835633530363037376164396564386265326263316132663837336537363462303138
31396637633937343239623035613262643333306330643636373163363061636462653464386465
35343732646230363862623864306232656332323362666339313461343362373464616564343932
65323366383961663537313835636434643061303235626238663938393036343937376537636632
36373139333538326638393230663635376566346163383162323231316562353936663333316332
38623466643330353664393337623639653863373830643836663061336664323939326364613064
32316365663730636632323937316436613761383738613135636436393430323066336632663336
66363461333733373866303761633832663264336138346262646164303933343933393438333133
34363430346366646635333565386366373733363537376264656435623632643630313765643537
35653861323435316236303961303364343165636631616434616264373238366265616138323264
37363566363934346132656131373536306466373762643564393135326633656561643038373039
65623537333135346331366333396530613739336261613836306433626565656339626365386366
66373662333961393665373665653838396231306561663762383835623661356333663732623264
30343862653238633763633663383662373538643931353063643563343332323765353437666437
32303637306564323739643933346464333234633339393739613135376466663335643433313931
38643964333136333864653864396238663431643131653235353266323835356362333762306661
35343939353865306132303134656461616235353938633236663233646530663664336331303732
31323739366536383335316163616165623834323736353863343063613633653034343934343936
63313266626131653965313932643833393736613439323238323438396665306663313534323030
39366534303032363939396134313239336361656235313138306165333335316630363935353834
33396566353033623364353136343635343537636233633665356664636531336134373265303230
37663561323136326639646464366261616462343832363230383531306133393462303966303330
32626463386435613734376462353831663635616336343235303131323137656638333737333736
66646638373834613839666463633563343534643562613261313761663865613030643730646234
39376463666133343839336531623932613436366266363261333631613865666134316365623035
38393431353134633061343933653331363835633938366135393165303033336664303932613734
39636133316135643831326133393562376634323236323138336363386261663832633833323966
64363236646536623737336465306538376264623032623239633834373939396233326634613361
63636366313135306365333530646539323933623338616566356139613064646136366166653136
37656263373237613461653465343266623534346565386532346331636531663936396264666534
39323635316339643935346365366561663934663031666132626566653431333237633737353861
31373666386433636565343838326539366262613963326161373834313562643464646130306537
61336136383932616331353065396365623436386164643233653835303837333663653361373833
61616331386364343338313362343737366233656132326336646462313831353539366632376364
34376634623434643432636166373535336235356639326534623364396563643061386532323338
31343265633735656132356235373537643934343233363030316566343965363666616166656463
37373665393939316135336333396230313661386138636235313332633236373238383333623231
63313964643336306232613331353833356530653765323964343133323563623635633230613134
31663065303262396264303236633139326339626234316162633436326135663065396635386263
65376337346662616163336332313534393764353533646461363236663362633137376537616431
66626463373635333630333365343338313039623237323861343264626235316361313531376536
37656363396233346264333263343434663330323838663138326666623364346565363035393739
63656532313166613861343130313033653236623836623664613932386431636334313264383865
37646435326439636466316632626236616461666630333864363762393737373665646362336631
30663935306134343731373336366530346236663463643439666534656632323739336261633136
37633464376235643032376230616632393164653130626533313661373563653937666166363462
33626235633363333461613864366239336337656333393362666537633831613865643638646434
64636564633463363631323763373335346636323131656130636133663632386232653931366139
30386663343338373364653264373963623432323030626330666163303337643632353930316561
33646230363437633138306266396565303239366366616161623164643238353833636464663765
37383139306633356336616562393164623031343161386435346462333261343631376531646630
65616638303565656131396262353761303662626262396139303730356366313737303162623266
65346538386635653939353733633434333037653830653935343961393838616231666365623938
66663130643561376162333633653964643366633437616166303136626239393663363233333836
36373736623232336237336365386364303838656337373835613430303533326339646235643061
65613264313231636361643132373162336365663466393431353666373763623537336566656130
62336462373038396138313932356639623336663533633532633164356230343039353637333366
34393133336465643963353838393936313533633834376539393432353663396636313832393234
31616138383932326133653234396439656337633339653531346266353336636263383561346234
65333031373865323265396433366431653262303564656332333531643365616265303461356166
66666565353732316662333863333134333337393239386263356436393332636663636439353134
64663938646437356265646266653130323139343634353436383236323234303263396462316164
36343565373334326530663935663865373564613835323630326162333364366634343437666134
65386663353035656533333566353961393263353231366431373265616137333064396361373966
38396637623761653635306439396233303039343232623435663937663531326639646130353564
66346133303138646235656165396330363165313538346233613436393461636633343139653162
61396137636234636431396531303166333561653364303837393961376536393039306362353039
32376435376135396365626464623732653736633136353333373834636533376632633863613965
65333331613236356463323435383033613838623335303636343434653039616338353563323962
61306338343165306139623130356330636636356265353436323334363666653138653764323337
37656130633563336139303739666332353838353061613364623636393435333736323533623162
36376630626437386364303130633462343266313932323637393261663336636662653765633130
38653133653439386233313931626134383365363963663736346331333761633037303661623063
37623462356338646661613036613162306366333831343538373361643562303862653339356463
64393466373366343137336637663861646564636362396637306433366366353632303734383338
34623565386163633664373030643432366366396165633933363939663361313833336137313730
33663966323830646332626561666262653938653737643362646665376232646538336164326635
61336436343364623430326334353737623932376261633830383263363561313463323333343863
36653065343466636233363666313161653964333533313931353333353536626164616137633835
64346130383330613865663137313733616236353063356565326234623462633264643230626563
61393133623363616237353565613935356537393030373963326664613836323632393161356661
36353765323135396562323161613036323738323539633634396433623833366137306365626333
65396537376461636332303464633463646237383330643135643234633530656663623264616661
64383666396231313663303632643063386537333736333531353861373265343938356162333465
37383962373563353363626164653163663363626361396332616165343762343335613534623335
64663531336561633839633437626632336230323138363238356630313731343236316530373134
63353036386463376239396632653162336165613231396166646137323266646434633432656462
31323837663464336236386666653236303535353934303737393634346166363338636336643663
38336561303031663261336236663335313230653234666364373430366636356333653631626662
31646663363436663462366466333939386431386265333138313464383135363036366564376461
30663535346637613264653731356135623238623535393764636433306639323963643865663633
37303038646436396166373330383036623230323066633366333231656231643265313766323965
36613864353862646162336438646130613431333766333934653663666162396166306530633037
64353761326635613466333635636336353533343931623334353731303637656139646636353061
61666266633836613133613061653734656566313465386237373838346633363464616437303231
63333666323831633736363032653034616263306266663466633131313563366661643435656666
66386230306363373139306131386366646536333936376334373137646563373635633535313036
32356462303737633236323638666139326334646431613138623365636332373665646663386261
33396534343932616135326537643064613139653732333434343362306530656537633832363732
61383833366332363732306465613034626434373136303233333838376237396263343466303636
30363236616463306665633535613835313263386637656565396165386639626637613366396165
61393437633232623031326166336233343765633464316237393432383439316264616165663436
33326461306237626666333131353937363165643461386438343966336433653737343166343436
62336534376463306363623935303339313633323038343563313863373462626432646664333239
66316265656532306539616335363533366266643336343739616638623965393963633161313831
35393730346538636139623533633734656336663134383338323836333238323738646234653863
39646434303335663732633764346639316133373166666565643861366535653734613065363065
63663831303065303864373436626563323764373031626466313862353435386664323863633631
34623361336665396662323164393836663135636132643739306432323339626239343566393166
31333762626363313936663933343264393431343130303237373135356137306234633365386233
33366539363039666633333932613737373538396263316438653038393866373835363062623531
62643930346331363035393363313436653238656439366161303262346334613733643764306666
32623531633339613962626633313332396236313734343661393765353261313230633766633336
63353263663935313462343533616165353735623832653138363433663863343263356666646262
66623765323732613437373163366631616139353262616231323566653534353633643437393738
64366430313538373730356462333132326265336661336336343463646361613338666566336665
32666434313633316161656366373335326134373735313662343366613066633836343139363961
33333830633838353965646463396638646166333063373365376438646161653662306534336430
31346437396564353463613364613939356335613361656330646564333336663536373237663634
62346538346662383465636435313464613036326536636333336661623961386265313534343863
62333431383135643362356630333066356134366666363138316363373938383934316565336136
62356436626137326665306137383563383661343836373265613838336638356137653833323333
34356366356364333132323333316362613931636333623065666638326435313130383665326438
39633633663861396463333562376662666564316664373639636664363138383337353263663432
63366430663566353563386234643337353633666263383639636565663735626364346233386439
36623132303733366466663066623233336361306264636232636230313334346236326537623633
30366262343535363839376266396433326234336365376366333465373264616239306338386632
63623061386538636431396336356132396433346562366665373465643036346336383330383732
62353939373838643036616634383533393834356463626439663134613831316463363161313738
33376166376430636430653236613739373662636366386639383063646461626336393639356432
38613137366430653337386665353764306163363138346438633135303635623132383634613163
64623963616538663233303363313563323334636264356435363136336439333633386164396466
34613130633833656565303463656130616131383732376336393933663563643938303831343037
39303664386362396161613834353961343264306664633839623861626263303734656531393437
36343663663334346338333834363236393134326466303630336339353361616134643534326463
30343536666230386461376463656562343539663938386234623363663335356431366131646162
38396137623366343662323565323037366136613462666136613730353538326537323631376630
38666132666131623663313666643562343237633133356665616261626236343334633431656233
65363431663464623335373831656562666231366337653236336435383663643034663838323530
63393533613238626134313761303065373437396633316436663730636235303135316461666539
63613333653561653338313262333861336439643333616630383766623636353039373462373935
32323037346431623338663637656337616561383261626461383032623336323839613262326463
35343635666537643962626166376463336132336233663263343262366336306463386330656466
30323239636361613962653435633262663663373937346630356537316436303732353634623065
37316634393930346434653466396266343636353934623133643631356338643463363262366362
35656363643635323135353466653932303835613539303831313137633764353634363330373835
32333630343638646464323833666639336237303638363938303665653662313435663431383833
61376436666262353666616338653834666634653964376163303661626337613965383033346235
66303131643637366134626635396461633834366264373134393832316535363637646565643630
61656661346137633638616232613436313239373164373763353039316638663362316564656462
36616465656631343131303536386635333764636439623762326263323764626166343061646464
33353065353562626264353630316534373964626333663433363239396131366633636634336464
64613835633536663936623730633734313232343434663539383431373830656438376463663739
34666239303064353165653563306337663134373166356664353934653034666532393736663831
64316262356564393630303962313533323531656363376234363739613263386139623030396464
65356162646563666230613132613631316635613633363364356266646431353431333438373761
33646330336136326563323132383233353434333764343534316166316233613633366636383336
64363130353063363962383561386565316532373863313566306435373733313334643764306331
39313731623334623637393832613164656666366333643664363330643432313431313138666235
61613562333135633130376637326162326134616630353738346439656333333230363963326364
35653265306636613863333735623665313639613664343033393761343337303336313331343433
62313938383261326432303830333063316266306130623564353132306663646565303236383762
34633431383437626333376535363466616266343133613332653461353434643661336332363139
35303862366136646666643265303936343361383634346438386165626438363638343162636662
62633032346162653930633337656662316330633839623137306266633432343063663538326435
31616165646534393336386437643537656531373432326430306634623839353730346637313832
61323963366234353135396265373534383534303161653932373236363436323238633039663437
33643066323438623665353031613039346637373361313866643430383036303934356135653266
63353964633133326130333536356530633633343661653131643437326462313230346531333739
31353963613463346664393436633032356134373464363331363762616661336131356261643931
62623931346361366166393330333836633365333630366432393763366535376264653831336463
64336266303933613338646433376361363738643863653230316365643730356335353166373430
32396437303466336164343830396132313434333961633631663936346333613837356330313761
38633562316132303334386135633731313730646165363133333134643337613332663665643733
38653436336538393166643464626366363738396261323264353961303962613762396664383539
37633936653863383961613962663333313034363937336165303531663830643332303432326333
61613164643132626233623266353931336561373332356330376662633561386163393761613837
62313835323930363061613530643438613039616133303731353136616261373839636461613437
61326130336130623466366463303533326236376534346234306537373535326532353764616466
64353233363236323465323238383966623331353064373932306339626638323364656332653030
31623630663938346239633962656334303762643366386436656536393065356538633362323762
33353164373030646332376138366532353061353435633237353131633831333964626230353366
33386332656536323064356262366132326537643731383137633336623561306465353563646262
66353536653062616161646436323839633664306339616432303864663364636137333563353663
38636631313165306238383739633532313965623636353162306565353563636136656662313636
66383063626436343335666134303536396139633962623532343863326636653766613233656431
36376437323837616337363831393631306138393561653463373632636563393832313933383639
64663965373034376265346338616237366130336637373264653562303530633263396663663966
33356466376638643637653030303237353339653166326365666339333262393738646666633964
34393364386136333335366161623430653037643533393439366635303432616663383938643731
36616561646539623830313336616534313463353630396462366361626166636363323763326161
30386237366137393835356330653366653063396137306631633764393438663839393331646334
63653430633064303539376533623537383330653065363462333832376438643730663066333539
33666564643530316538386235386335636231366637383633366163373665646437396261623132
37326661623738633832356231353362393065616231656131323431356661643132306531306530
65343239623061633830373436353531373664323936643634343062313164613733636430336433
33613462663238306639373431633436363736346439343365623931336332376438376466323236
66656264363935646539393333633937616365626461633735373037646164383430643030663138
63303537326630626237373632626538376632333932373265383131373731623438363832623735
63346533363639376666656537366661346163353761383537326262343463323439616534343163
62373638653431613531373063323534313161343339353535383739633732373434343838643531
35326264623130303436353136663062393237353262653937613038373563656561626330373066
37303830623636353261643262323763623562666534663861363531626130326637326230653861
30336236373934643965623966626363643636666366643931376461366135663934623032653936
31663963396234396336343430613038356464353666383632366339303363393962343439343763
63336631663039383562383636623433623732353333373163633063653734393662303263653230
30353639363036646636613733626235613633383161343734333764633834636432343666626633
61326164373037346264353961623066336432386430633665333337373866646231643761326336
37656332396239363836663661666130323534343361373832333961646266313534613032393762
63373762353439303064323938336264636564626530333235616535643431396134313365363164
66666236383566626331383165303036313639373337303536376337346564633865353637383537
66313962643339633537306137323162383761633132626136323165326535313666663039306565
62623131653261353165656263336663316530303763323063373439643061363634366265316164
30353962653861356231373738666638326661343232623030323132613330373238386536346533
34393336383335303137366365306663646461336137353434383732366536376464616534396430
65383030383437613036663766313163386566373738616664343864393236623865333039316564
66326138373963383838613938663963333033383339646135346163366562383031346537613763
30616532316464306237613438663737376634326130626562373739303265343138616331303336
62353833376466353964363361653834656563343565333731343831613131393562343536313139
33626162666465373262613331343363613761616563643163613237363262623635346332333635
33306235326461323635303635623530663532326238616335646165333562653431303435336462
39383538323839323731663163633162363139666533303637633538333962653731653835643463
66323835383739343039613066323036333265326464616134626233633163363537623536626130
31376237323232303665646132633162383033636132396262393230313835666663333336643435
65313331623134316163366230303761323539303732643062316631333138643335346136353433
30326239383862343365393561306162326235343162356631353637643566363533373233626633
34383232316463393239653330343933353266356539326661343231646233373736373436353738
36343264393738393132643366333235626566346234613539376266306131373164663464316230
65623164616566343132376163613436356532663962313562383338376665386432353738303237
37396632333238303966356237666437313762323032623061393865386330646166633562643239
63616639343835343230646233383663333435633838346533356161386230666130663664636335
61313533646531663834663837356438663135306566343731373261653862313032636463346330
31376231383038383739343934303132646337343839303238336261363865323633633631303230
31353633656666343164663761633633643231366639663061303462616632373061326135373863
33636438663939636130323434653038663535303535333365613336613035353665313666353666
65333162336638346561663437396534316531393735303962393263643762613137383233666339
31373336393365663133626437613034623533666537646263653562333935333338346366363832
30393364333333376339616635383030633739323063396265326538333734363431336130646530
39313063646531393461306163373764376139363236376338653661393263373132393762376336
36383963326334613763653131613031323762343832393435643830643438643436623434373832
32396631376563613430643035383732616163393535386466323934396439343662623334356266
61633132623136326231313662386362633833376366326237393166343639613533623262623033
62663632383435323764396465636663376136376234613566633961376565633530303533633333
65633063336631303764343164653632656636383632326339393930326239376136323830343437
39356234396138626631323935303335633430333062366131356438633762383137353432633632
66633837306434313036396231336662333862383164633034313631356135366165666262316164
37333561356632613766663462653463343962343263633633626238653737643031353531386432
63363663336632306630346538353965366563656337633765363431626561356266643266383136
32356637373932643839343962363433353935396239613139366665383966383237303934313765
32363030616531336564663138653262626530356365333336323765376235663834326233366231
33366336626264303365646161666365313839373735653433633235356362623138366234346331
63633763623232613033373434303439626534633436336266396666636365323739646432666666
36323030636239323038633834353433333439633839383264333466346664626461383739313238
64633639633639376232653933633836383239333833306636336530646134636263366365363265
32396263653666373632366564313661373861613130636636383533343362643766656337313039
39356138656434353663646232343562363464316464363739383938373166633438666432383366
33393236323531633736336330646265643365326635326330633264353630303963343865386330
61346362343361353632306530393238366139313261336565626461393831613865653461653733
61363538303263653062343538373835663836643039323231626530386166303936396233363262
33666430613639666631343837366262666434326163643465366538303465346439393931346137
35353535623936633935616566353631366162333863623632623639306332666439363661626565
61626530393465613334306430336161346636313864636131303534393166626362373337343765
33613063646630623230343932346266393463303531373065396364613564336330643637616230
31386238323631383433366266656362663163663161346336346465373835343663333363323166
31663863366135636536616531363061623365393635653863326362663565646561626136343665
33663433356638343531623335623565303666396465303565616432393065306165353037653034
65303166653234616534616435643235316232396536343437303763333731663165373836616263
36386564623730313962663166373962653564653365373336366233613333623937373634376530
66393731326363653234653138633638616131316466643762326533626637653035343566313164
30323338393766616233393064613762323963613734626137363363666534393134616165363638
61656432333664363834633639646537313035346238376164306366633037346330363165316235
34393332343536633932303632656631616364396338333134313566386664623165623333616133
31386462663362663136636539646131646438306162643561346562346130613431386235326230
39373562633337326435643665356530363864353638666465306162316530663966633735366333
37333338626666346136653033613639333334313866393034636636646634333861633664343235
37333233343336343466646337323733353261663564663530353264646164316136326136363631
64313838663366393266326439333332353662613430306361636237346562316165316562636139
35356164383338663430363639366231646264633636386431323734323861343665666163376165
37383834633262353337343033363233353835343935666566343263366335636664323635333662
66363230306531326233383961616566626262326663346235623839643834366331353434666233
31663031323465623032396334633834303031373231613064643833653863616435343965656336
66636363343161643539356437663239376463336465646633313065663738343135633231656166
30623562306663366430376438633566356166313764363738366462353261633164363239373638
65353936646263613834393538653131356237383563373665386237666565373435346230646439
37356562306433313861313562396338316161663665306166333262616565643134366638303331
64613663363832613536323764633265663837616335623434613963343137353265616432343438
62393463353166656362333063366539623837363063346632643338313663613937366330343065
34393736303732386262316132356165363132633162643063356236306434306433343666353939
61326238303461646238326162656235363330303936326661633639613666646463653161353165
30626666366338316434646366366666613931663663326262306261303366623132383461376234
64346330343261646334343333303464363238646666636334366338303461663237313861353538
30373534363965313265373763336634303436613066333964363139396134653663336361366134
39666561313036636163626336626162653237393130643637646530323738396238653138306432
65623034383763623764373263666331306533333632653431613261393135303064626437663561
62623565323137356561663763656232343365396138373937323835303865323563333037303233
31323234653534653033333464393730646134346237636664623239623232363538366638323836
62313737313265346431633336306136643638653761333361383638623738306662646635643063
30353639303166373130313164616235386661383234656631616566326263646461316566346135
38646438376130313766343464373730383939313433646338633137383136393165643337663531
34313730343462623135323033373562363066333962333631373435333937306165373333383364
38306563613966633031323066666136353735366532666331636361313331303665376637333662
36333839666337643937653566346463636465386265656135343563393162316237313930363936
34636330386461306238346131383561653633303465373461643932643162356539336339653236
64353434383661353233366139656565363232393761396537383535313063633464653439613961
34653964623830333766656539613230663136353662363737613732353763303861373233303332
62633432363834643933306234373539626661376134633465393330336331623031663931623234
36383632356665366235313337613637633730313933653462613331336362656333383264613632
62616634313537383232336664643139616433396664343837363432343065353634376466343533
30346265363263633939663833393833643238353031633633613339663637386565623835626635
61653233623933333239383830383331653534386335373234636230323238326266363563376134
37313631366232306630346535343534326635346165633130626231353463313935343230333839
33633866643136653435326663363964346237386661613137633666653737396536643333316135
65613637643036336339383837383861346638626232653166316265303464633265396634636230
62323138336635353239303366343464633065633937373630363839346639363363383331356433
63326636343462303031643239623364336261313737613635393466303337636237653039343836
36646536343535316232303538343031666434303234656235343466313234396436313461346663
62333930393037366361393964316330346335373136623363356532336232383662626232323330
62313835623730643931376464663665373765613839333431373661306534636365623138663565
64313033356363356130626536393839383563313633396230663838356362646632316134383736
38633364313638306239656366633432333465363933333461346532383034346338303533643238
34613263626136303766356361316338656436613634623366336536623039396230633830616338
34376638653634343266323966623566326362353633356662313333663565323234633531666237
30393163326665356232646166363261346661376530376364306234346261393038363338663233
61363234303837646166356562383239316338303261656266356562343738643135623931666366
66373161376137393635363666393435303233636564363932313438636332613837323066616165
39633038376337393936643531373165316237363330336637376437613266373366353032386635
62353234323133323661313465356636363738396637613566666363396266623133663837663564
34633565306564613137666439383965323063663433653532346631366139373938323333386565
31313334316430373839343563353334646632663263303431666530376339633339653666666563
31613830613135333830633733386164613332613639393036366538323463613033373762633631
65333535346464326261333430636332663164313463313064363336386461646564336532336535
35643632653363336538323837366435356664663763653261613238643331366637323238613763
33343137366533306365396632623266643263396130626566636330633631633962386532656166
31653837656234396331636262303139373735366261393864643833616331663532303365623162
63363537373334336263353933663165313131363762313833376166343662333232646264646335
62323138643063353865313938356237353561363762633237633466333732623762623634633239
63366363343832343432356430333534363965353838623563636461366539663835383437323365
30393261633165656463306638323234663361633766323933613933326138646563616639326465
36643537326630613537623164373530613838353634343839373538623439613836633362393536
65326136313531373961663864623539656430336633386266626262363965393637633737376438
37656332666162303534303131323538363231376165386163396137386334393332323233366438
31356535313666633333613665643863333766346136663535346261353030376537636131383135
35613237633639343630636163323231383437633731323536333039303062383365363534656164
62386534663966326332666565356634313932636165303034653535623461643335386361316361
62396263636432653066343133333534306262366534633266613838366663643030316138356434
35326437323838656237613135333362323462633637343361623761363130306531626465306534
61386137616631333232613063636361633561393262616336383466353237346435656663306633
63626663333265376434643633366639363962613739313137336432656464373164636364383632
39633935396663393332633734363438333838343539326535346636326139336539313938363635
65323230643232613633313066616161363662343464666634656331663935313139326332393466
66363336663563366463346531323933386335366366383730306430316631343531656433306131
36386632306662633733623939626232386462666266343736323030653334316561343664316566
63383664656165623161663332663361383664343030663862336636623739363135356338333338
39313932326265396337623135633834343866666133346366313263343331643834393762656236
61353336613330306535353839373165316465333537383938333131393565616136303139366565
39643933633266396537383638663238306365643364363364623536353661636438316431313135
64383465376262313030633938363837663138643530643363646136363539393232663432336465
63653737633630646366623064623661356335656331343037633135666565623463646231656662
32326336386539326233376534313464303761326531363265303338373662353733303631663962
37343064616133363462626662343139306563373864643336316133653339623137353161373034
31623964376164306136353932336239373966333432666135656235646332623439643532336465
35343437633862396366346637323237326435373961616138333666313362636536653965366537
38303162323633303736623439363036376331643162336237376534363938316339383763663739
64383339326665636561663132633361366665376532633665366430623638623263656438356236
63353862386436613162303735386132336366363463373362343363613963623064663766303334
32326334303463393736663331656233363664326465376661666436346237643932323566363033
65663265393037323535636134306435383066646632633439323538326366633564363066336430
30613761386432386137396234306462373561383333373561343733323938326461346463306235
37366361366465376232616665356666366437303238393138383431363261356537356433633334
30656136623963316562333564373437323162306435383333613162663965316461356665386163
63353736616363383765353137346535626166323632633139633662356631643963313164323638
37383930366234393235333236393763343236613938313830633266393932626565646236656631
35366639303461616662306334336631373034353065343166326465636263653266393536313535
34633764333034353933343761616461643366366630636135376232613637666164363364636634
39646633356638366133313936356232353161653236656532323539373239323138666462343034
36666333356436623635646535663437623161373130336635323033383835343137646465663962
30663562326165336231393761373939323266656536333430316362306232626537316538326366
35343063383362393039316537323537336131643737646237316436326332376636356239333937
36303561333165616336343035363664333065373266633962313534623663633431306438643438
64373838636437313665643331643665613462353763656338373137663634356330326236663737
62313238626461653832303865313565393965643439333339333132383966303837616430356231
66623335303535393232316463333934306538633431663961373564613433373635363664623539
36343265633137623933396638373735646362636336383436356639393332613337633863373031
36623331393734653631383565663865316337633965623733313737653534623835373135383830
30373766653535323935313232666432363732613664306166356134393964363539396437616363
61656636376537616336333562663134613632303864366164366637316164633239613837613265
38623464323664373266636465346166646666386366383139383631343236376662333239666535
63353237313738306233373932666463653862356165643830336537336234323538646166336638
32613462653838303335373938616462383230316235363436363130636663363737306362383636
61393332373239636137613436643061666564666331343261386335316236383862356131316239
30313333336533383635613132316564666231636338333461333136363734306636663137393164
39623936663430323234623139373864396436613032343765353833666461393235336236353736
38303631356464653836653066646133653266336235663139653137613238643032343036353664
34656530366237313563663564623933653431613933306166333531613061623135366263356334
36303565636362663730626433656134373538366365373237366332333365653762336139353065
61333035653838616335636534626538636238363330343738303835386334666165616330323130
64383831326435666435306536343735613539343861383766363438643562393938366134653633
30336136353234346530383362346238383434396532626532396364346235376432636166643832
63353165316466343861633461616566623131326138353766626433653335633962643331303562
323431356136313163303638346538313563
