$ANSIBLE_VAULT;1.1;AES256
38623931613164656539303338393438356361343234353965623732393334386633396632396530
6430396234393935323937616639616436383163323039340a663263363032626134346536386666
34626163376533656531393737636233346434666661633063303636333862386366353333633639
3564613763633664350a313566396538663231666561313532373138626537653264643035323239
37333638636632316262616265646532666433373035343332373036613334633538376137643138
39666431653339383166303739316634373439366435353031666164346133643436343637366338
61316662663234303839376432393165636230646366623364623165313462633264336162323330
35653837393238323161616562343561663063303765643835343336663962333330663763306662
62646439313737623131636637656539656334613635323665613665316436303166383337336530
62303532316330353263383031343530313062633034353064343731353062386562386362666638
39303539343730376161313338343535363465363661633266613839663039613266393130663336
63356238396131323432353337333439376130663936386130336636623638323064366330336235
62353763326161663235643734316131333030336433633766333630393362313562333736653531
66313666663433306436303265643034623762623332656537313539316434343836323830356364
37656331653662393034323563373734643662343366323737356533373332613638626262623436
36323239636530333939306638613031663037663762643133393165663863633537643161353532
66346632383831383762363539366537376561626665306334356366373361303335363233386236
37613034653534626337636563616439376136396665323864303637613230376632336430633039
61666635326261663165313130623462383266626336386338646330336332336162333239616434
33323036333535666132303436306532306365336232333336363030626635363234333638393437
30623238393137623036383834323262316635303565646662363539353439626530613666643936
65356632316566323838336162643435656562663431346633323061393665373764356533373933
32346434316434633539333061343761336161303663383764316566643166306135656137643164
34353735626262386262
