$ANSIBLE_VAULT;1.1;AES256
32623134353531663431343033613436616638323461613761646563386566376438383165313662
3636383139343536346235343536353530393533343034390a323161373330633937623063623861
34346637366438313839366435656463633330396131633637653737383837643861393466653731
3764346332633930330a363761363838623937336432353034346362626361653263633064656531
35383034316662303933666563666662616431386537393738666236343837346233623361363137
66626634653562346236303830646236646432313065303338663065636663313537666636376234
63323066613165366461316333386139656339616333303635383364333665666364633661373438
30373733366439373738383331633039376564616230643962306236383435366631386336666261
39346437646237373764373632363864643164386566656239333630383130313632623336303237
64623034633536373532333039316230393231393335633263373131643939643036306239666332
62663663653361616632356663373838663365303165386439623866323430626130623932336363
32306335373063313062393862323763313039383739343065656337613032646333353963303731
66396164626366646131653739633961303336623464633661366134623731396264653462356361
32626663356539353230633762396333663865623338343232623830666335623733333630353165
31366230386332376131346130646237356261303230343463323461626331346339373564303232
61316561393262333832346430613064363062366265333164326131633634653039353364366131
61313237333564396436336366316633346630656133626633333236633937326530613133313332
34616564316164643730616265376333663234623432333538636338393762323865663039336533
38626564666235373732373239643832333839343739303732616631663665343239333964326665
64313330333339393739313136393338653266393134626566623432376139363764373865643930
62356435306335396131333237383134346162366664616130323662313963616232363763336135
63323136323738636439396331653633613763316631386438666266383863623439383436336364
33623831346537366131333938613464613662663835303432386230613436356431646530333165
37306534393338383564
