$ANSIBLE_VAULT;1.1;AES256
36623534373936366666643635316365373235343135653837646631626138613738393231666430
3838396663353962396236613764626235636263623737350a343564373763373161343463323337
33323435636235313266323830383336613866326161303164633930386234393162376566653835
6339376535316261310a613863356536623865373036326335613632656331336332646631393530
62316439333938643064623930396434393563323666346364393531636263356632356661333132
39313562303666386466353238376364366631653731393365363062346431343165326231343030
62346434376565333763616531646636373936333565326165653938383764666563666263343034
66646133643232323732353731636263313030656332613030616339386636373230303532346136
66396132393431396235346537323861373538343338383864653838303965316531643731316637
33623933383062626334626564323462363535643334363038353633346137613137383030616263
31323836326638363365323261396465373361373230616534393732316363363532353039336439
30313361336136336364346339656536323664326664373335336362316539633161323361316663
34373638633737363332386230356334393263386362646336626539393632393432303864633230
32333465303561623032633336383837626438616462333263623236316663643238633834333539
31396564633534363132663264323061356337626166336338353366663866643262396233373131
66353035623964356639303938326339353832373365623333333864386333636639653663316665
31303833653064393138653134626535613634313463313535313739303739666138326134303334
32653830376338356336323532386532353639383063616237333165336537363962633536663934
35636564353331333365323737376432393161393535306136363763323235666361373938373834
30346238633037333332383832313035613161616438333065616564353431613262376632363434
33643261626137653034303562393662396331303035373163383264323033396632366530656661
65333931323163306537396335326339613765393430626361376564663536383231663066343262
38386635366432313935336562626630663937636366643865336235323536376331636437366564
62323363356537303133
